function TM = drive(w)
TM = 4.60160135072435e-05*w.^2-0.00103822726273726*w;
