function i2c=ang_speed2i2c(w);

i2c=3.25038742351062e-6*w^3-0.00107345094348345*w^2+0.552199572510559*w;
