function i2c=ang_speed2i2c(w);

i2c=2.2118e-6*w^3-7.1258e-4*w^2+0.5106*w;
