orange1 = [243, 132, 0]/256;
silver1 = [166, 166, 166]/256;
green1 = [154,205,50]/256;
green2 = [34,139,34]/256;
blue1  = [0,0,128]/256;
blue2  = [0,0,255]/256;
red1   = [255,0,0]/256;
red2   = [178,34,34]/256;
